# log_a a N_sq rho_coh_frac w_coh
-6.000000e+01 8.756511e-27 0.000000e+00 0.000000e+00 -1.000000e+00
-5.993794e+01 9.317176e-27 6.204281e-02 1.000000e+00 4.369302e+00
-5.987588e+01 9.913740e-27 1.240471e-01 1.000000e+00 1.683818e+00
-5.981381e+01 1.054850e-26 1.860130e-01 1.000000e+00 7.886565e-01
-5.975175e+01 1.122390e-26 2.479404e-01 1.000000e+00 3.410760e-01
-5.968969e+01 1.194255e-26 3.098293e-01 1.000000e+00 7.252781e-02
-5.962763e+01 1.270721e-26 3.716799e-01 1.000000e+00 -1.065043e-01
-5.956557e+01 1.352084e-26 4.334921e-01 1.000000e+00 -2.343843e-01
-5.950350e+01 1.438655e-26 4.952660e-01 1.000000e+00 -3.302943e-01
-5.944144e+01 1.530770e-26 5.570015e-01 1.000000e+00 -4.048909e-01
-5.937938e+01 1.628783e-26 6.186987e-01 1.000000e+00 -4.645681e-01
-5.931732e+01 1.733071e-26 6.803577e-01 1.000000e+00 -5.133949e-01
-5.925526e+01 1.844037e-26 7.419784e-01 1.000000e+00 -5.540839e-01
-5.919319e+01 1.962108e-26 8.035609e-01 1.000000e+00 -5.885130e-01
-5.913113e+01 2.087738e-26 8.651051e-01 1.000000e+00 -6.180237e-01
-5.906907e+01 2.221413e-26 9.266112e-01 1.000000e+00 -6.435995e-01
-5.900701e+01 2.363646e-26 9.880791e-01 1.000000e+00 -6.659784e-01
-5.894494e+01 2.514987e-26 1.049509e+00 1.000000e+00 -6.857244e-01
-5.888288e+01 2.676017e-26 1.110901e+00 1.000000e+00 -7.032764e-01
-5.882082e+01 2.847358e-26 1.172254e+00 1.000000e+00 -7.189809e-01
-5.875876e+01 3.029670e-26 1.233570e+00 1.000000e+00 -7.331148e-01
-5.869670e+01 3.223655e-26 1.294847e+00 1.000000e+00 -7.459027e-01
-5.863463e+01 3.430060e-26 1.356087e+00 1.000000e+00 -7.575280e-01
-5.857257e+01 3.649681e-26 1.417288e+00 1.000000e+00 -7.681424e-01
-5.851051e+01 3.883364e-26 1.478451e+00 1.000000e+00 -7.778722e-01
-5.844845e+01 4.132010e-26 1.539577e+00 1.000000e+00 -7.868236e-01
-5.838639e+01 4.396576e-26 1.600665e+00 1.000000e+00 -7.950865e-01
-5.832432e+01 4.678082e-26 1.661714e+00 1.000000e+00 -8.027373e-01
-5.826226e+01 4.977611e-26 1.722726e+00 1.000000e+00 -8.098416e-01
-5.820020e+01 5.296320e-26 1.783700e+00 1.000000e+00 -8.164559e-01
-5.813814e+01 5.635435e-26 1.844636e+00 1.000000e+00 -8.226292e-01
-5.807608e+01 5.996262e-26 1.905535e+00 1.000000e+00 -8.284043e-01
-5.801401e+01 6.380193e-26 1.966395e+00 1.000000e+00 -8.338184e-01
-5.795195e+01 6.788707e-26 2.027218e+00 1.000000e+00 -8.389044e-01
-5.788989e+01 7.223377e-26 2.088003e+00 1.000000e+00 -8.436912e-01
-5.782783e+01 7.685878e-26 2.148750e+00 1.000000e+00 -8.482044e-01
-5.776577e+01 8.177992e-26 2.209460e+00 1.000000e+00 -8.524669e-01
-5.770370e+01 8.701616e-26 2.270132e+00 1.000000e+00 -8.564990e-01
-5.764164e+01 9.258766e-26 2.330766e+00 1.000000e+00 -8.603189e-01
-5.757958e+01 9.851590e-26 2.391363e+00 1.000000e+00 -8.639428e-01
-5.751752e+01 1.048237e-25 2.451922e+00 1.000000e+00 -8.673856e-01
-5.745546e+01 1.115354e-25 2.512444e+00 1.000000e+00 -8.706604e-01
-5.739339e+01 1.186768e-25 2.572928e+00 1.000000e+00 -8.737792e-01
-5.733133e+01 1.262755e-25 2.633374e+00 1.000000e+00 -8.767530e-01
-5.726927e+01 1.343607e-25 2.693783e+00 1.000000e+00 -8.795916e-01
-5.720721e+01 1.429636e-25 2.754155e+00 1.000000e+00 -8.823041e-01
-5.714515e+01 1.521174e-25 2.814489e+00 1.000000e+00 -8.848986e-01
-5.708308e+01 1.618572e-25 2.874786e+00 1.000000e+00 -8.873826e-01
-5.702102e+01 1.722206e-25 2.935045e+00 1.000000e+00 -8.897632e-01
-5.695896e+01 1.832477e-25 2.995267e+00 1.000000e+00 -8.920466e-01
-5.689690e+01 1.949807e-25 3.055451e+00 1.000000e+00 -8.942387e-01
-5.683483e+01 2.074650e-25 3.115598e+00 1.000000e+00 -8.963448e-01
-5.677277e+01 2.207487e-25 3.175708e+00 1.000000e+00 -8.983699e-01
-5.671071e+01 2.348828e-25 3.235780e+00 1.000000e+00 -9.003185e-01
-5.664865e+01 2.499220e-25 3.295816e+00 1.000000e+00 -9.021950e-01
-5.658659e+01 2.659241e-25 3.355814e+00 1.000000e+00 -9.040032e-01
-5.652452e+01 2.829508e-25 3.415774e+00 1.000000e+00 -9.057469e-01
-5.646246e+01 3.010677e-25 3.475698e+00 1.000000e+00 -9.074293e-01
-5.640040e+01 3.203445e-25 3.535584e+00 1.000000e+00 -9.090538e-01
-5.633834e+01 3.408557e-25 3.595434e+00 1.000000e+00 -9.106231e-01
-5.627628e+01 3.626801e-25 3.655246e+00 1.000000e+00 -9.121402e-01
-5.621421e+01 3.859019e-25 3.715021e+00 1.000000e+00 -9.136075e-01
-5.615215e+01 4.106106e-25 3.774759e+00 1.000000e+00 -9.150275e-01
-5.609009e+01 4.369013e-25 3.834459e+00 1.000000e+00 -9.164023e-01
-5.602803e+01 4.648754e-25 3.894123e+00 1.000000e+00 -9.177343e-01
-5.596597e+01 4.946407e-25 3.953750e+00 1.000000e+00 -9.190252e-01
-5.590390e+01 5.263117e-25 4.013340e+00 1.000000e+00 -9.202770e-01
-5.584184e+01 5.600106e-25 4.072893e+00 1.000000e+00 -9.214914e-01
-5.577978e+01 5.958671e-25 4.132409e+00 1.000000e+00 -9.226701e-01
-5.571772e+01 6.340196e-25 4.191887e+00 1.000000e+00 -9.238147e-01
-5.565566e+01 6.746148e-25 4.251330e+00 1.000000e+00 -9.249265e-01
-5.559359e+01 7.178093e-25 4.310735e+00 1.000000e+00 -9.260070e-01
-5.553153e+01 7.637695e-25 4.370103e+00 1.000000e+00 -9.270575e-01
-5.546947e+01 8.126724e-25 4.429434e+00 1.000000e+00 -9.280792e-01
-5.540741e+01 8.647065e-25 4.488729e+00 1.000000e+00 -9.290733e-01
-5.534535e+01 9.200722e-25 4.547987e+00 1.000000e+00 -9.300408e-01
-5.528328e+01 9.789830e-25 4.607208e+00 1.000000e+00 -9.309829e-01
-5.522122e+01 1.041666e-24 4.666392e+00 1.000000e+00 -9.319006e-01
-5.515916e+01 1.108362e-24 4.725540e+00 1.000000e+00 -9.327947e-01
-5.509710e+01 1.179328e-24 4.784651e+00 1.000000e+00 -9.336661e-01
-5.503504e+01 1.254839e-24 4.843725e+00 1.000000e+00 -9.345158e-01
-5.497297e+01 1.335184e-24 4.902763e+00 1.000000e+00 -9.353445e-01
-5.491091e+01 1.420674e-24 4.961764e+00 1.000000e+00 -9.361529e-01
-5.484885e+01 1.511637e-24 5.020728e+00 1.000000e+00 -9.369419e-01
-5.478679e+01 1.608425e-24 5.079656e+00 1.000000e+00 -9.377121e-01
-5.472472e+01 1.711410e-24 5.138547e+00 1.000000e+00 -9.384642e-01
-5.466266e+01 1.820989e-24 5.197402e+00 1.000000e+00 -9.391987e-01
-5.460060e+01 1.937584e-24 5.256220e+00 1.000000e+00 -9.399164e-01
-5.453854e+01 2.061644e-24 5.315002e+00 1.000000e+00 -9.406178e-01
-5.447648e+01 2.193648e-24 5.373747e+00 1.000000e+00 -9.413034e-01
-5.441441e+01 2.334103e-24 5.432456e+00 1.000000e+00 -9.419737e-01
-5.435235e+01 2.483552e-24 5.491128e+00 1.000000e+00 -9.426294e-01
-5.429029e+01 2.642570e-24 5.549764e+00 1.000000e+00 -9.432707e-01
-5.422823e+01 2.811770e-24 5.608364e+00 1.000000e+00 -9.438983e-01
-5.416617e+01 2.991803e-24 5.666927e+00 1.000000e+00 -9.445125e-01
-5.410410e+01 3.183363e-24 5.725454e+00 1.000000e+00 -9.451138e-01
-5.404204e+01 3.387188e-24 5.783945e+00 1.000000e+00 -9.457025e-01
-5.397998e+01 3.604065e-24 5.842399e+00 1.000000e+00 -9.462791e-01
-5.391792e+01 3.834827e-24 5.900817e+00 1.000000e+00 -9.468440e-01
-5.385586e+01 4.080365e-24 5.959199e+00 1.000000e+00 -9.473974e-01
-5.379379e+01 4.341624e-24 6.017544e+00 1.000000e+00 -9.479397e-01
-5.373173e+01 4.619611e-24 6.075854e+00 1.000000e+00 -9.484714e-01
-5.366967e+01 4.915397e-24 6.134127e+00 1.000000e+00 -9.489925e-01
-5.360761e+01 5.230122e-24 6.192364e+00 1.000000e+00 -9.495036e-01
-5.354555e+01 5.564998e-24 6.250565e+00 1.000000e+00 -9.500048e-01
-5.348348e+01 5.921316e-24 6.308729e+00 1.000000e+00 -9.504965e-01
-5.342142e+01 6.300448e-24 6.366858e+00 1.000000e+00 -9.509789e-01
-5.335936e+01 6.703856e-24 6.424951e+00 1.000000e+00 -9.514523e-01
-5.329730e+01 7.133093e-24 6.483007e+00 1.000000e+00 -9.519169e-01
-5.323524e+01 7.589813e-24 6.541028e+00 1.000000e+00 -9.523729e-01
-5.317317e+01 8.075777e-24 6.599013e+00 1.000000e+00 -9.528207e-01
-5.311111e+01 8.592856e-24 6.656961e+00 1.000000e+00 -9.532604e-01
-5.304905e+01 9.143042e-24 6.714874e+00 1.000000e+00 -9.536923e-01
-5.298699e+01 9.728456e-24 6.772750e+00 1.000000e+00 -9.541165e-01
-5.292492e+01 1.035135e-23 6.830591e+00 1.000000e+00 -9.545333e-01
-5.286286e+01 1.101413e-23 6.888396e+00 1.000000e+00 -9.549428e-01
-5.280080e+01 1.171935e-23 6.946165e+00 1.000000e+00 -9.553452e-01
-5.273874e+01 1.246972e-23 7.003898e+00 1.000000e+00 -9.557408e-01
-5.267668e+01 1.326814e-23 7.061596e+00 1.000000e+00 -9.561296e-01
-5.261461e+01 1.411768e-23 7.119257e+00 1.000000e+00 -9.565120e-01
-5.255255e+01 1.502161e-23 7.176883e+00 1.000000e+00 -9.568879e-01
-5.249049e+01 1.598342e-23 7.234473e+00 1.000000e+00 -9.572576e-01
-5.242843e+01 1.700681e-23 7.292028e+00 1.000000e+00 -9.576213e-01
-5.236637e+01 1.809573e-23 7.349546e+00 1.000000e+00 -9.579791e-01
-5.230430e+01 1.925437e-23 7.407029e+00 1.000000e+00 -9.583310e-01
-5.224224e+01 2.048719e-23 7.464477e+00 1.000000e+00 -9.586774e-01
-5.218018e+01 2.179896e-23 7.521888e+00 1.000000e+00 -9.590182e-01
-5.211812e+01 2.319471e-23 7.579264e+00 1.000000e+00 -9.593537e-01
-5.205606e+01 2.467983e-23 7.636605e+00 1.000000e+00 -9.596839e-01
-5.199399e+01 2.626004e-23 7.693909e+00 1.000000e+00 -9.600090e-01
-5.193193e+01 2.794142e-23 7.751179e+00 1.000000e+00 -9.603291e-01
-5.186987e+01 2.973047e-23 7.808412e+00 1.000000e+00 -9.606443e-01
-5.180781e+01 3.163406e-23 7.865611e+00 1.000000e+00 -9.609548e-01
-5.174575e+01 3.365954e-23 7.922773e+00 1.000000e+00 -9.612605e-01
-5.168368e+01 3.581470e-23 7.979901e+00 1.000000e+00 -9.615617e-01
-5.162162e+01 3.810786e-23 8.036993e+00 1.000000e+00 -9.618584e-01
-5.155956e+01 4.054785e-23 8.094049e+00 1.000000e+00 -9.621508e-01
-5.149750e+01 4.314406e-23 8.151070e+00 1.000000e+00 -9.624389e-01
-5.143544e+01 4.590650e-23 8.208056e+00 1.000000e+00 -9.627228e-01
-5.137337e+01 4.884582e-23 8.265006e+00 1.000000e+00 -9.630026e-01
-5.131131e+01 5.197334e-23 8.321921e+00 1.000000e+00 -9.632785e-01
-5.124925e+01 5.530111e-23 8.378801e+00 1.000000e+00 -9.635504e-01
-5.118719e+01 5.884195e-23 8.435645e+00 1.000000e+00 -9.638185e-01
-5.112513e+01 6.260951e-23 8.492454e+00 1.000000e+00 -9.640828e-01
-5.106306e+01 6.661829e-23 8.549228e+00 1.000000e+00 -9.643435e-01
-5.100100e+01 7.088375e-23 8.605967e+00 1.000000e+00 -9.646005e-01
-5.093894e+01 7.542232e-23 8.662670e+00 1.000000e+00 -9.648540e-01
-5.087688e+01 8.025149e-23 8.719338e+00 1.000000e+00 -9.651041e-01
-5.081481e+01 8.538987e-23 8.775971e+00 1.000000e+00 -9.653508e-01
-5.075275e+01 9.085724e-23 8.832569e+00 1.000000e+00 -9.655942e-01
-5.069069e+01 9.667468e-23 8.889132e+00 1.000000e+00 -9.658344e-01
-5.062863e+01 1.028646e-22 8.945660e+00 1.000000e+00 -9.660713e-01
-5.056657e+01 1.094509e-22 9.002153e+00 1.000000e+00 -9.663052e-01
-5.050450e+01 1.164588e-22 9.058610e+00 1.000000e+00 -9.665359e-01
-5.044244e+01 1.239155e-22 9.115033e+00 1.000000e+00 -9.667637e-01
-5.038038e+01 1.318496e-22 9.171420e+00 1.000000e+00 -9.669885e-01
-5.031832e+01 1.402917e-22 9.227773e+00 1.000000e+00 -9.672105e-01
-5.025626e+01 1.492744e-22 9.284091e+00 1.000000e+00 -9.674296e-01
-5.019419e+01 1.588322e-22 9.340373e+00 1.000000e+00 -9.676460e-01
-5.013213e+01 1.690019e-22 9.396621e+00 1.000000e+00 -9.678596e-01
-5.007007e+01 1.798228e-22 9.452834e+00 1.000000e+00 -9.680705e-01
-5.000801e+01 1.913366e-22 9.509012e+00 1.000000e+00 -9.682789e-01
-4.994595e+01 2.035876e-22 9.565155e+00 1.000000e+00 -9.684846e-01
-4.988388e+01 2.166230e-22 9.621263e+00 1.000000e+00 -9.686878e-01
-4.982182e+01 2.304930e-22 9.677337e+00 1.000000e+00 -9.688886e-01
-4.975976e+01 2.452511e-22 9.733376e+00 1.000000e+00 -9.690869e-01
-4.969770e+01 2.609541e-22 9.789380e+00 1.000000e+00 -9.692828e-01
-4.963564e+01 2.776626e-22 9.845349e+00 1.000000e+00 -9.694764e-01
-4.957357e+01 2.954409e-22 9.901283e+00 1.000000e+00 -9.696677e-01
-4.951151e+01 3.143575e-22 9.957183e+00 1.000000e+00 -9.698567e-01
-4.944945e+01 3.344852e-22 1.001305e+01 1.000000e+00 -9.700434e-01
-4.938739e+01 3.559018e-22 1.006888e+01 1.000000e+00 -9.702280e-01
-4.932533e+01 3.786896e-22 1.012467e+01 1.000000e+00 -9.704105e-01
-4.926326e+01 4.029365e-22 1.018044e+01 1.000000e+00 -9.705908e-01
-4.920120e+01 4.287359e-22 1.023616e+01 1.000000e+00 -9.707690e-01
-4.913914e+01 4.561871e-22 1.029185e+01 1.000000e+00 -9.709453e-01
-4.907708e+01 4.853960e-22 1.034751e+01 1.000000e+00 -9.711195e-01
-4.901502e+01 5.164752e-22 1.040313e+01 1.000000e+00 -9.712917e-01
-4.895295e+01 5.495442e-22 1.045872e+01 1.000000e+00 -9.714620e-01
-4.889089e+01 5.847307e-22 1.051428e+01 1.000000e+00 -9.716304e-01
-4.882883e+01 6.221700e-22 1.056980e+01 1.000000e+00 -9.717969e-01
-4.876677e+01 6.620066e-22 1.062528e+01 1.000000e+00 -9.719616e-01
-4.870470e+01 7.043938e-22 1.068073e+01 1.000000e+00 -9.721245e-01
-4.864264e+01 7.494950e-22 1.073615e+01 1.000000e+00 -9.722856e-01
-4.858058e+01 7.974839e-22 1.079153e+01 1.000000e+00 -9.724449e-01
-4.851852e+01 8.485455e-22 1.084688e+01 1.000000e+00 -9.726025e-01
-4.845646e+01 9.028765e-22 1.090219e+01 1.000000e+00 -9.727584e-01
-4.839439e+01 9.606862e-22 1.095747e+01 1.000000e+00 -9.729127e-01
-4.833233e+01 1.022197e-21 1.101271e+01 1.000000e+00 -9.730653e-01
-4.827027e+01 1.087647e-21 1.106792e+01 1.000000e+00 -9.732163e-01
-4.820821e+01 1.157287e-21 1.112310e+01 1.000000e+00 -9.733657e-01
-4.814615e+01 1.231387e-21 1.117824e+01 1.000000e+00 -9.735135e-01
-4.808408e+01 1.310230e-21 1.123335e+01 1.000000e+00 -9.736598e-01
-4.802202e+01 1.394122e-21 1.128842e+01 1.000000e+00 -9.738046e-01
-4.795996e+01 1.483386e-21 1.134346e+01 1.000000e+00 -9.739478e-01
-4.789790e+01 1.578364e-21 1.139847e+01 1.000000e+00 -9.740896e-01
-4.783584e+01 1.679424e-21 1.145344e+01 1.000000e+00 -9.742300e-01
-4.777377e+01 1.786955e-21 1.150837e+01 1.000000e+00 -9.743689e-01
-4.771171e+01 1.901371e-21 1.156328e+01 1.000000e+00 -9.745064e-01
-4.764965e+01 2.023113e-21 1.161815e+01 1.000000e+00 -9.746426e-01
-4.758759e+01 2.152649e-21 1.167298e+01 1.000000e+00 -9.747774e-01
-4.752553e+01 2.290480e-21 1.172778e+01 1.000000e+00 -9.749108e-01
-4.746346e+01 2.437136e-21 1.178255e+01 1.000000e+00 -9.750429e-01
-4.740140e+01 2.593182e-21 1.183728e+01 1.000000e+00 -9.751737e-01
-4.733934e+01 2.759219e-21 1.189198e+01 1.000000e+00 -9.753032e-01
-4.727728e+01 2.935887e-21 1.194664e+01 1.000000e+00 -9.754315e-01
-4.721522e+01 3.123867e-21 1.200127e+01 1.000000e+00 -9.755585e-01
-4.715315e+01 3.323883e-21 1.205587e+01 1.000000e+00 -9.756843e-01
-4.709109e+01 3.536706e-21 1.211043e+01 1.000000e+00 -9.758089e-01
-4.702903e+01 3.763156e-21 1.216496e+01 1.000000e+00 -9.759322e-01
-4.696697e+01 4.004105e-21 1.221946e+01 1.000000e+00 -9.760544e-01
-4.690490e+01 4.260481e-21 1.227392e+01 1.000000e+00 -9.761755e-01
-4.684284e+01 4.533273e-21 1.232835e+01 1.000000e+00 -9.762954e-01
-4.678078e+01 4.823531e-21 1.238274e+01 1.000000e+00 -9.764141e-01
-4.671872e+01 5.132374e-21 1.243710e+01 1.000000e+00 -9.765318e-01
-4.665666e+01 5.460991e-21 1.249143e+01 1.000000e+00 -9.766484e-01
-4.659459e+01 5.810650e-21 1.254572e+01 1.000000e+00 -9.767638e-01
-4.653253e+01 6.182696e-21 1.259998e+01 1.000000e+00 -9.768783e-01
-4.647047e+01 6.578564e-21 1.265421e+01 1.000000e+00 -9.769916e-01
-4.640841e+01 6.999779e-21 1.270840e+01 1.000000e+00 -9.771040e-01
-4.634635e+01 7.447963e-21 1.276256e+01 1.000000e+00 -9.772153e-01
-4.628428e+01 7.924844e-21 1.281668e+01 1.000000e+00 -9.773256e-01
-4.622222e+01 8.432259e-21 1.287077e+01 1.000000e+00 -9.774349e-01
-4.616016e+01 8.972163e-21 1.292483e+01 1.000000e+00 -9.775432e-01
-4.609810e+01 9.546636e-21 1.297885e+01 1.000000e+00 -9.776505e-01
-4.603604e+01 1.015789e-20 1.303284e+01 1.000000e+00 -9.777569e-01
-4.597397e+01 1.080829e-20 1.308680e+01 1.000000e+00 -9.778624e-01
-4.591191e+01 1.150032e-20 1.314072e+01 1.000000e+00 -9.779669e-01
-4.584985e+01 1.223667e-20 1.319461e+01 1.000000e+00 -9.780705e-01
-4.578779e+01 1.302016e-20 1.324847e+01 1.000000e+00 -9.781732e-01
-4.572573e+01 1.385382e-20 1.330229e+01 1.000000e+00 -9.782750e-01
-4.566366e+01 1.474086e-20 1.335608e+01 1.000000e+00 -9.783759e-01
-4.560160e+01 1.568469e-20 1.340984e+01 1.000000e+00 -9.784760e-01
-4.553954e+01 1.668896e-20 1.346356e+01 1.000000e+00 -9.785751e-01
-4.547748e+01 1.775753e-20 1.351725e+01 1.000000e+00 -9.786735e-01
-4.541542e+01 1.889451e-20 1.357091e+01 1.000000e+00 -9.787710e-01
-4.535335e+01 2.010430e-20 1.362453e+01 1.000000e+00 -9.788677e-01
-4.529129e+01 2.139154e-20 1.367812e+01 1.000000e+00 -9.789635e-01
-4.522923e+01 2.276121e-20 1.373168e+01 1.000000e+00 -9.790586e-01
-4.516717e+01 2.421857e-20 1.378520e+01 1.000000e+00 -9.791528e-01
-4.510511e+01 2.576925e-20 1.383869e+01 1.000000e+00 -9.792463e-01
-4.504304e+01 2.741921e-20 1.389215e+01 1.000000e+00 -9.793390e-01
-4.498098e+01 2.917482e-20 1.394557e+01 1.000000e+00 -9.794309e-01
-4.491892e+01 3.104284e-20 1.399896e+01 1.000000e+00 -9.795220e-01
-4.485686e+01 3.303046e-20 1.405232e+01 1.000000e+00 -9.796125e-01
-4.479479e+01 3.514534e-20 1.410564e+01 1.000000e+00 -9.797021e-01
-4.473273e+01 3.739564e-20 1.415893e+01 1.000000e+00 -9.797911e-01
-4.467067e+01 3.979003e-20 1.421219e+01 1.000000e+00 -9.798793e-01
-4.460861e+01 4.233772e-20 1.426542e+01 1.000000e+00 -9.799668e-01
-4.454655e+01 4.504853e-20 1.431861e+01 1.000000e+00 -9.800536e-01
-4.448448e+01 4.793292e-20 1.437177e+01 1.000000e+00 -9.801397e-01
-4.442242e+01 5.100198e-20 1.442490e+01 1.000000e+00 -9.802251e-01
-4.436036e+01 5.426756e-20 1.447799e+01 1.000000e+00 -9.803099e-01
-4.429830e+01 5.774222e-20 1.453105e+01 1.000000e+00 -9.803939e-01
-4.423624e+01 6.143936e-20 1.458408e+01 1.000000e+00 -9.804774e-01
-4.417417e+01 6.537323e-20 1.463707e+01 1.000000e+00 -9.805601e-01
-4.411211e+01 6.955897e-20 1.469003e+01 1.000000e+00 -9.806422e-01
-4.405005e+01 7.401272e-20 1.474296e+01 1.000000e+00 -9.807237e-01
-4.398799e+01 7.875163e-20 1.479586e+01 1.000000e+00 -9.808045e-01
-4.392593e+01 8.379397e-20 1.484872e+01 1.000000e+00 -9.808847e-01
-4.386386e+01 8.915916e-20 1.490155e+01 1.000000e+00 -9.809643e-01
-4.380180e+01 9.486788e-20 1.495435e+01 1.000000e+00 -9.810433e-01
-4.373974e+01 1.009421e-19 1.500711e+01 1.000000e+00 -9.811216e-01
-4.367768e+01 1.074053e-19 1.505984e+01 1.000000e+00 -9.811994e-01
-4.361562e+01 1.142823e-19 1.511254e+01 1.000000e+00 -9.812766e-01
-4.355355e+01 1.215996e-19 1.516521e+01 1.000000e+00 -9.813532e-01
-4.349149e+01 1.293854e-19 1.521784e+01 1.000000e+00 -9.814292e-01
-4.342943e+01 1.376697e-19 1.527044e+01 1.000000e+00 -9.815047e-01
-4.336737e+01 1.464845e-19 1.532301e+01 1.000000e+00 -9.815796e-01
-4.330531e+01 1.558637e-19 1.537555e+01 1.000000e+00 -9.816539e-01
-4.324324e+01 1.658434e-19 1.542805e+01 1.000000e+00 -9.817277e-01
-4.318118e+01 1.764620e-19 1.548052e+01 1.000000e+00 -9.818009e-01
-4.311912e+01 1.877606e-19 1.553296e+01 1.000000e+00 -9.818736e-01
-4.305706e+01 1.997826e-19 1.558537e+01 1.000000e+00 -9.819457e-01
-4.299499e+01 2.125744e-19 1.563774e+01 1.000000e+00 -9.820174e-01
-4.293293e+01 2.261852e-19 1.569008e+01 1.000000e+00 -9.820885e-01
-4.287087e+01 2.406674e-19 1.574239e+01 1.000000e+00 -9.821591e-01
-4.280881e+01 2.560770e-19 1.579467e+01 1.000000e+00 -9.822292e-01
-4.274675e+01 2.724732e-19 1.584691e+01 1.000000e+00 -9.822987e-01
-4.268468e+01 2.899192e-19 1.589912e+01 1.000000e+00 -9.823678e-01
-4.262262e+01 3.084823e-19 1.595130e+01 1.000000e+00 -9.824364e-01
-4.256056e+01 3.282339e-19 1.600344e+01 1.000000e+00 -9.825045e-01
-4.249850e+01 3.492502e-19 1.605556e+01 1.000000e+00 -9.825721e-01
-4.243644e+01 3.716121e-19 1.610764e+01 1.000000e+00 -9.826392e-01
-4.237437e+01 3.954058e-19 1.615969e+01 1.000000e+00 -9.827059e-01
-4.231231e+01 4.207230e-19 1.621171e+01 1.000000e+00 -9.827721e-01
-4.225025e+01 4.476612e-19 1.626369e+01 1.000000e+00 -9.828378e-01
-4.218819e+01 4.763242e-19 1.631564e+01 1.000000e+00 -9.829030e-01
-4.212613e+01 5.068225e-19 1.636756e+01 1.000000e+00 -9.829678e-01
-4.206406e+01 5.392735e-19 1.641945e+01 1.000000e+00 -9.830322e-01
-4.200200e+01 5.738023e-19 1.647131e+01 1.000000e+00 -9.830961e-01
-4.193994e+01 6.105420e-19 1.652313e+01 1.000000e+00 -9.831596e-01
-4.187788e+01 6.496340e-19 1.657492e+01 1.000000e+00 -9.832226e-01
-4.181582e+01 6.912290e-19 1.662668e+01 1.000000e+00 -9.832852e-01
-4.175375e+01 7.354872e-19 1.667841e+01 1.000000e+00 -9.833474e-01
-4.169169e+01 7.825793e-19 1.673010e+01 1.000000e+00 -9.834092e-01
-4.162963e+01 8.326866e-19 1.678177e+01 1.000000e+00 -9.834705e-01
-4.156757e+01 8.860022e-19 1.683340e+01 1.000000e+00 -9.835314e-01
-4.150551e+01 9.427314e-19 1.688500e+01 1.000000e+00 -9.835919e-01
-4.144344e+01 1.003093e-18 1.693656e+01 1.000000e+00 -9.836520e-01
-4.138138e+01 1.067319e-18 1.698810e+01 1.000000e+00 -9.837118e-01
-4.131932e+01 1.135658e-18 1.703960e+01 1.000000e+00 -9.837711e-01
-4.125726e+01 1.208373e-18 1.709107e+01 1.000000e+00 -9.838300e-01
-4.119520e+01 1.285743e-18 1.714251e+01 1.000000e+00 -9.838885e-01
-4.113313e+01 1.368067e-18 1.719392e+01 1.000000e+00 -9.839466e-01
-4.107107e+01 1.455662e-18 1.724529e+01 1.000000e+00 -9.840044e-01
-4.100901e+01 1.548865e-18 1.729664e+01 1.000000e+00 -9.840618e-01
-4.094695e+01 1.648037e-18 1.734795e+01 1.000000e+00 -9.841188e-01
-4.088488e+01 1.753558e-18 1.739923e+01 1.000000e+00 -9.841754e-01
-4.082282e+01 1.865835e-18 1.745048e+01 1.000000e+00 -9.842317e-01
-4.076076e+01 1.985302e-18 1.750169e+01 1.000000e+00 -9.842876e-01
-4.069870e+01 2.112417e-18 1.755288e+01 1.000000e+00 -9.843431e-01
-4.063664e+01 2.247672e-18 1.760403e+01 1.000000e+00 -9.843983e-01
-4.057457e+01 2.391587e-18 1.765515e+01 1.000000e+00 -9.844531e-01
-4.051251e+01 2.544716e-18 1.770624e+01 1.000000e+00 -9.845076e-01
-4.045045e+01 2.707650e-18 1.775730e+01 1.000000e+00 -9.845617e-01
-4.038839e+01 2.881017e-18 1.780832e+01 1.000000e+00 -9.846155e-01
-4.032633e+01 3.065484e-18 1.785931e+01 1.000000e+00 -9.846689e-01
-4.026426e+01 3.261762e-18 1.791028e+01 1.000000e+00 -9.847220e-01
-4.020220e+01 3.470607e-18 1.796121e+01 1.000000e+00 -9.847748e-01
-4.014014e+01 3.692824e-18 1.801211e+01 1.000000e+00 -9.848273e-01
-4.007808e+01 3.929270e-18 1.806297e+01 1.000000e+00 -9.848794e-01
-4.001602e+01 4.180855e-18 1.811381e+01 1.000000e+00 -9.849312e-01
-3.995395e+01 4.448548e-18 1.816462e+01 1.000000e+00 -9.849826e-01
-3.989189e+01 4.733381e-18 1.821539e+01 1.000000e+00 -9.850338e-01
-3.982983e+01 5.036452e-18 1.826613e+01 1.000000e+00 -9.850846e-01
-3.976777e+01 5.358928e-18 1.831684e+01 1.000000e+00 -9.851351e-01
-3.970571e+01 5.702051e-18 1.836752e+01 1.000000e+00 -9.851854e-01
-3.964364e+01 6.067144e-18 1.841817e+01 1.000000e+00 -9.852353e-01
-3.958158e+01 6.455614e-18 1.846878e+01 1.000000e+00 -9.852849e-01
-3.951952e+01 6.868956e-18 1.851937e+01 1.000000e+00 -9.853342e-01
-3.945746e+01 7.308764e-18 1.856992e+01 1.000000e+00 -9.853832e-01
-3.939540e+01 7.776733e-18 1.862044e+01 1.000000e+00 -9.854319e-01
-3.933333e+01 8.274664e-18 1.867093e+01 1.000000e+00 -9.854803e-01
-3.927127e+01 8.804478e-18 1.872139e+01 1.000000e+00 -9.855284e-01
-3.920921e+01 9.368214e-18 1.877182e+01 1.000000e+00 -9.855762e-01
-3.914715e+01 9.968046e-18 1.882221e+01 1.000000e+00 -9.856238e-01
-3.908509e+01 1.060628e-17 1.887258e+01 1.000000e+00 -9.856710e-01
-3.902302e+01 1.128539e-17 1.892291e+01 1.000000e+00 -9.857180e-01
-3.896096e+01 1.200797e-17 1.897321e+01 1.000000e+00 -9.857647e-01
-3.889890e+01 1.277682e-17 1.902348e+01 1.000000e+00 -9.858111e-01
-3.883684e+01 1.359490e-17 1.907373e+01 1.000000e+00 -9.858573e-01
-3.877477e+01 1.446536e-17 1.912393e+01 1.000000e+00 -9.859032e-01
-3.871271e+01 1.539155e-17 1.917411e+01 1.000000e+00 -9.859488e-01
-3.865065e+01 1.637705e-17 1.922426e+01 1.000000e+00 -9.859941e-01
-3.858859e+01 1.742565e-17 1.927437e+01 1.000000e+00 -9.860392e-01
-3.852653e+01 1.854138e-17 1.932446e+01 1.000000e+00 -9.860840e-01
-3.846446e+01 1.972856e-17 1.937451e+01 1.000000e+00 -9.861286e-01
-3.840240e+01 2.099175e-17 1.942453e+01 1.000000e+00 -9.861729e-01
-3.834034e+01 2.233581e-17 1.947453e+01 1.000000e+00 -9.862170e-01
-3.827828e+01 2.376594e-17 1.952449e+01 1.000000e+00 -9.862608e-01
-3.821622e+01 2.528763e-17 1.957441e+01 1.000000e+00 -9.863043e-01
-3.815415e+01 2.690676e-17 1.962431e+01 1.000000e+00 -9.863476e-01
-3.809209e+01 2.862956e-17 1.967418e+01 1.000000e+00 -9.863907e-01
-3.803003e+01 3.046266e-17 1.972402e+01 1.000000e+00 -9.864335e-01
-3.796797e+01 3.241313e-17 1.977382e+01 1.000000e+00 -9.864760e-01
-3.790591e+01 3.448849e-17 1.982360e+01 1.000000e+00 -9.865184e-01
-3.784384e+01 3.669674e-17 1.987334e+01 1.000000e+00 -9.865604e-01
-3.778178e+01 3.904637e-17 1.992305e+01 1.000000e+00 -9.866023e-01
-3.771972e+01 4.154644e-17 1.997274e+01 1.000000e+00 -9.866439e-01
-3.765766e+01 4.420660e-17 2.002239e+01 1.000000e+00 -9.866853e-01
-3.759560e+01 4.703707e-17 2.007201e+01 1.000000e+00 -9.867265e-01
-3.753353e+01 5.004878e-17 2.012160e+01 1.000000e+00 -9.867674e-01
-3.747147e+01 5.325332e-17 2.017116e+01 1.000000e+00 -9.868081e-01
-3.740941e+01 5.666305e-17 2.022068e+01 1.000000e+00 -9.868486e-01
-3.734735e+01 6.029109e-17 2.027018e+01 1.000000e+00 -9.868888e-01
-3.728529e+01 6.415143e-17 2.031965e+01 1.000000e+00 -9.869288e-01
-3.722322e+01 6.825894e-17 2.036908e+01 1.000000e+00 -9.869687e-01
-3.716116e+01 7.262945e-17 2.041849e+01 1.000000e+00 -9.870083e-01
-3.709910e+01 7.727980e-17 2.046786e+01 1.000000e+00 -9.870476e-01
-3.703704e+01 8.222790e-17 2.051721e+01 1.000000e+00 -9.870868e-01
-3.697497e+01 8.749282e-17 2.056652e+01 1.000000e+00 -9.871258e-01
-3.691291e+01 9.309484e-17 2.061580e+01 1.000000e+00 -9.871645e-01
-3.685085e+01 9.905555e-17 2.066506e+01 1.000000e+00 -9.872030e-01
-3.678879e+01 1.053979e-16 2.071428e+01 1.000000e+00 -9.872414e-01
-3.672673e+01 1.121464e-16 2.076347e+01 1.000000e+00 -9.872795e-01
-3.666466e+01 1.193269e-16 2.081263e+01 1.000000e+00 -9.873174e-01
-3.660260e+01 1.269672e-16 2.086176e+01 1.000000e+00 -9.873551e-01
-3.654054e+01 1.350967e-16 2.091086e+01 1.000000e+00 -9.873927e-01
-3.647848e+01 1.437468e-16 2.095993e+01 1.000000e+00 -9.874300e-01
-3.641642e+01 1.529506e-16 2.100897e+01 1.000000e+00 -9.874671e-01
-3.635435e+01 1.627438e-16 2.105797e+01 1.000000e+00 -9.875040e-01
-3.629229e+01 1.731640e-16 2.110695e+01 1.000000e+00 -9.875407e-01
-3.623023e+01 1.842515e-16 2.115590e+01 1.000000e+00 -9.875773e-01
-3.616817e+01 1.960488e-16 2.120482e+01 1.000000e+00 -9.876136e-01
-3.610611e+01 2.086015e-16 2.125370e+01 1.000000e+00 -9.876498e-01
-3.604404e+01 2.219579e-16 2.130256e+01 1.000000e+00 -9.876858e-01
-3.598198e+01 2.361695e-16 2.135139e+01 1.000000e+00 -9.877215e-01
-3.591992e+01 2.512910e-16 2.140018e+01 1.000000e+00 -9.877571e-01
-3.585786e+01 2.673808e-16 2.144895e+01 1.000000e+00 -9.877926e-01
-3.579580e+01 2.845007e-16 2.149768e+01 1.000000e+00 -9.878278e-01
-3.573373e+01 3.027169e-16 2.154639e+01 1.000000e+00 -9.878628e-01
-3.567167e+01 3.220993e-16 2.159506e+01 1.000000e+00 -9.878977e-01
-3.560961e+01 3.427228e-16 2.164371e+01 1.000000e+00 -9.879324e-01
-3.554755e+01 3.646668e-16 2.169232e+01 1.000000e+00 -9.879669e-01
-3.548549e+01 3.880158e-16 2.174091e+01 1.000000e+00 -9.880013e-01
-3.542342e+01 4.128599e-16 2.178946e+01 1.000000e+00 -9.880354e-01
-3.536136e+01 4.392946e-16 2.183798e+01 1.000000e+00 -9.880694e-01
-3.529930e+01 4.674219e-16 2.188648e+01 1.000000e+00 -9.881032e-01
-3.523724e+01 4.973502e-16 2.193494e+01 1.000000e+00 -9.881369e-01
-3.517518e+01 5.291947e-16 2.198338e+01 1.000000e+00 -9.881704e-01
-3.511311e+01 5.630782e-16 2.203178e+01 1.000000e+00 -9.882037e-01
-3.505105e+01 5.991312e-16 2.208015e+01 1.000000e+00 -9.882368e-01
-3.498899e+01 6.374926e-16 2.212850e+01 1.000000e+00 -9.882698e-01
-3.492693e+01 6.783102e-16 2.217681e+01 1.000000e+00 -9.883026e-01
-3.486486e+01 7.217413e-16 2.222509e+01 1.000000e+00 -9.883353e-01
-3.480280e+01 7.679533e-16 2.227335e+01 1.000000e+00 -9.883678e-01
-3.474074e+01 8.171241e-16 2.232157e+01 1.000000e+00 -9.884001e-01
-3.467868e+01 8.694432e-16 2.236977e+01 1.000000e+00 -9.884323e-01
-3.461662e+01 9.251122e-16 2.241793e+01 1.000000e+00 -9.884643e-01
-3.455455e+01 9.843457e-16 2.246606e+01 1.000000e+00 -9.884961e-01
-3.449249e+01 1.047372e-15 2.251417e+01 1.000000e+00 -9.885278e-01
-3.443043e+01 1.114433e-15 2.256224e+01 1.000000e+00 -9.885594e-01
-3.436837e+01 1.185789e-15 2.261029e+01 1.000000e+00 -9.885908e-01
-3.430631e+01 1.261713e-15 2.265830e+01 1.000000e+00 -9.886220e-01
-3.424424e+01 1.342498e-15 2.270629e+01 1.000000e+00 -9.886531e-01
-3.418218e+01 1.428456e-15 2.275424e+01 1.000000e+00 -9.886840e-01
-3.412012e+01 1.519918e-15 2.280217e+01 1.000000e+00 -9.887148e-01
-3.405806e+01 1.617236e-15 2.285006e+01 1.000000e+00 -9.887455e-01
-3.399600e+01 1.720785e-15 2.289793e+01 1.000000e+00 -9.887760e-01
-3.393393e+01 1.830964e-15 2.294576e+01 1.000000e+00 -9.888063e-01
-3.387187e+01 1.948197e-15 2.299357e+01 1.000000e+00 -9.888365e-01
-3.380981e+01 2.072937e-15 2.304135e+01 1.000000e+00 -9.888666e-01
-3.374775e+01 2.205664e-15 2.308910e+01 1.000000e+00 -9.888965e-01
-3.368569e+01 2.346889e-15 2.313681e+01 1.000000e+00 -9.889263e-01
-3.362362e+01 2.497157e-15 2.318450e+01 1.000000e+00 -9.889559e-01
-3.356156e+01 2.657046e-15 2.323216e+01 1.000000e+00 -9.889854e-01
-3.349950e+01 2.827172e-15 2.327979e+01 1.000000e+00 -9.890148e-01
-3.343744e+01 3.008191e-15 2.332739e+01 1.000000e+00 -9.890440e-01
-3.337538e+01 3.200801e-15 2.337496e+01 1.000000e+00 -9.890731e-01
-3.331331e+01 3.405743e-15 2.342250e+01 1.000000e+00 -9.891020e-01
-3.325125e+01 3.623807e-15 2.347001e+01 1.000000e+00 -9.891308e-01
-3.318919e+01 3.855834e-15 2.351749e+01 1.000000e+00 -9.891595e-01
-3.312713e+01 4.102716e-15 2.356494e+01 1.000000e+00 -9.891880e-01
-3.306507e+01 4.365407e-15 2.361237e+01 1.000000e+00 -9.892164e-01
-3.300300e+01 4.644916e-15 2.365976e+01 1.000000e+00 -9.892447e-01
-3.294094e+01 4.942323e-15 2.370712e+01 1.000000e+00 -9.892729e-01
-3.287888e+01 5.258772e-15 2.375446e+01 1.000000e+00 -9.893009e-01
-3.281682e+01 5.595483e-15 2.380176e+01 1.000000e+00 -9.893288e-01
-3.275475e+01 5.953752e-15 2.384904e+01 1.000000e+00 -9.893565e-01
-3.269269e+01 6.334961e-15 2.389628e+01 1.000000e+00 -9.893842e-01
-3.263063e+01 6.740579e-15 2.394350e+01 1.000000e+00 -9.894117e-01
-3.256857e+01 7.172167e-15 2.399069e+01 1.000000e+00 -9.894391e-01
-3.250651e+01 7.631389e-15 2.403785e+01 1.000000e+00 -9.894663e-01
-3.244444e+01 8.120015e-15 2.408497e+01 1.000000e+00 -9.894934e-01
-3.238238e+01 8.639926e-15 2.413207e+01 1.000000e+00 -9.895205e-01
-3.232032e+01 9.193126e-15 2.417914e+01 1.000000e+00 -9.895473e-01
-3.225826e+01 9.781747e-15 2.422619e+01 1.000000e+00 -9.895741e-01
-3.219620e+01 1.040806e-14 2.427320e+01 1.000000e+00 -9.896008e-01
-3.213413e+01 1.107447e-14 2.432018e+01 1.000000e+00 -9.896273e-01
-3.207207e+01 1.178355e-14 2.436714e+01 1.000000e+00 -9.896537e-01
-3.201001e+01 1.253803e-14 2.441406e+01 1.000000e+00 -9.896800e-01
-3.194795e+01 1.334082e-14 2.446096e+01 1.000000e+00 -9.897062e-01
-3.188589e+01 1.419501e-14 2.450782e+01 1.000000e+00 -9.897322e-01
-3.182382e+01 1.510389e-14 2.455466e+01 1.000000e+00 -9.897582e-01
-3.176176e+01 1.607097e-14 2.460147e+01 1.000000e+00 -9.897840e-01
-3.169970e+01 1.709997e-14 2.464825e+01 1.000000e+00 -9.898097e-01
-3.163764e+01 1.819485e-14 2.469500e+01 1.000000e+00 -9.898353e-01
-3.157558e+01 1.935984e-14 2.474172e+01 1.000000e+00 -9.898608e-01
-3.151351e+01 2.059942e-14 2.478841e+01 1.000000e+00 -9.898862e-01
-3.145145e+01 2.191837e-14 2.483507e+01 1.000000e+00 -9.899115e-01
-3.138939e+01 2.332176e-14 2.488171e+01 1.000000e+00 -9.899366e-01
-3.132733e+01 2.481502e-14 2.492831e+01 1.000000e+00 -9.899617e-01
-3.126527e+01 2.640388e-14 2.497489e+01 1.000000e+00 -9.899866e-01
-3.120320e+01 2.809448e-14 2.502144e+01 1.000000e+00 -9.900114e-01
-3.114114e+01 2.989333e-14 2.506796e+01 1.000000e+00 -9.900361e-01
-3.107908e+01 3.180735e-14 2.511445e+01 1.000000e+00 -9.900608e-01
-3.101702e+01 3.384392e-14 2.516091e+01 1.000000e+00 -9.900853e-01
-3.095495e+01 3.601089e-14 2.520734e+01 1.000000e+00 -9.901097e-01
-3.089289e+01 3.831661e-14 2.525374e+01 1.000000e+00 -9.901340e-01
-3.083083e+01 4.076996e-14 2.530012e+01 1.000000e+00 -9.901582e-01
-3.076877e+01 4.338040e-14 2.534647e+01 1.000000e+00 -9.901823e-01
-3.070671e+01 4.615797e-14 2.539278e+01 1.000000e+00 -9.902062e-01
-3.064464e+01 4.911339e-14 2.543907e+01 1.000000e+00 -9.902301e-01
-3.058258e+01 5.225804e-14 2.548533e+01 1.000000e+00 -9.902539e-01
-3.052052e+01 5.560404e-14 2.553156e+01 1.000000e+00 -9.902776e-01
-3.045846e+01 5.916428e-14 2.557776e+01 1.000000e+00 -9.903012e-01
-3.039640e+01 6.295247e-14 2.562394e+01 1.000000e+00 -9.903247e-01
-3.033433e+01 6.698321e-14 2.567008e+01 1.000000e+00 -9.903480e-01
-3.027227e+01 7.127204e-14 2.571620e+01 1.000000e+00 -9.903713e-01
-3.021021e+01 7.583547e-14 2.576229e+01 1.000000e+00 -9.903945e-01
-3.014815e+01 8.069110e-14 2.580835e+01 1.000000e+00 -9.904176e-01
-3.008609e+01 8.585762e-14 2.585438e+01 1.000000e+00 -9.904406e-01
-3.002402e+01 9.135494e-14 2.590038e+01 1.000000e+00 -9.904635e-01
-2.996196e+01 9.720425e-14 2.594635e+01 1.000000e+00 -9.904863e-01
-2.989990e+01 1.034281e-13 2.599230e+01 1.000000e+00 -9.905090e-01
-2.983784e+01 1.100504e-13 2.603821e+01 1.000000e+00 -9.905316e-01
-2.977578e+01 1.170968e-13 2.608410e+01 1.000000e+00 -9.905542e-01
-2.971371e+01 1.245943e-13 2.612996e+01 1.000000e+00 -9.905766e-01
-2.965165e+01 1.325718e-13 2.617579e+01 1.000000e+00 -9.905989e-01
-2.958959e+01 1.410602e-13 2.622159e+01 1.000000e+00 -9.906212e-01
-2.952753e+01 1.500921e-13 2.626737e+01 1.000000e+00 -9.906433e-01
-2.946547e+01 1.597022e-13 2.631311e+01 1.000000e+00 -9.906654e-01
-2.940340e+01 1.699277e-13 2.635883e+01 1.000000e+00 -9.906873e-01
-2.934134e+01 1.808079e-13 2.640452e+01 1.000000e+00 -9.907092e-01
-2.927928e+01 1.923847e-13 2.645018e+01 1.000000e+00 -9.907310e-01
-2.921722e+01 2.047028e-13 2.649581e+01 1.000000e+00 -9.907527e-01
-2.915516e+01 2.178096e-13 2.654142e+01 1.000000e+00 -9.907743e-01
-2.909309e+01 2.317556e-13 2.658699e+01 1.000000e+00 -9.907959e-01
-2.903103e+01 2.465945e-13 2.663254e+01 1.000000e+00 -9.908173e-01
-2.896897e+01 2.623836e-13 2.667806e+01 1.000000e+00 -9.908387e-01
-2.890691e+01 2.791836e-13 2.672355e+01 1.000000e+00 -9.908599e-01
-2.884484e+01 2.970592e-13 2.676901e+01 1.000000e+00 -9.908811e-01
-2.878278e+01 3.160795e-13 2.681445e+01 1.000000e+00 -9.909022e-01
-2.872072e+01 3.363175e-13 2.685986e+01 1.000000e+00 -9.909232e-01
-2.865866e+01 3.578514e-13 2.690523e+01 1.000000e+00 -9.909442e-01
-2.859660e+01 3.807640e-13 2.695058e+01 1.000000e+00 -9.909650e-01
-2.853453e+01 4.051437e-13 2.699591e+01 1.000000e+00 -9.909858e-01
-2.847247e+01 4.310844e-13 2.704120e+01 1.000000e+00 -9.910065e-01
-2.841041e+01 4.586860e-13 2.708646e+01 1.000000e+00 -9.910271e-01
-2.834835e+01 4.880550e-13 2.713170e+01 1.000000e+00 -9.910476e-01
-2.828629e+01 5.193043e-13 2.717691e+01 1.000000e+00 -9.910680e-01
-2.822422e+01 5.525546e-13 2.722209e+01 1.000000e+00 -9.910884e-01
-2.816216e+01 5.879337e-13 2.726725e+01 1.000000e+00 -9.911087e-01
-2.810010e+01 6.255782e-13 2.731237e+01 1.000000e+00 -9.911289e-01
-2.803804e+01 6.656329e-13 2.735747e+01 1.000000e+00 -9.911490e-01
-2.797598e+01 7.082523e-13 2.740254e+01 1.000000e+00 -9.911690e-01
-2.791391e+01 7.536006e-13 2.744758e+01 1.000000e+00 -9.911890e-01
-2.785185e+01 8.018524e-13 2.749259e+01 1.000000e+00 -9.912089e-01
-2.778979e+01 8.531937e-13 2.753758e+01 1.000000e+00 -9.912287e-01
-2.772773e+01 9.078223e-13 2.758254e+01 1.000000e+00 -9.912484e-01
-2.766567e+01 9.659487e-13 2.762747e+01 1.000000e+00 -9.912680e-01
-2.760360e+01 1.027797e-12 2.767237e+01 1.000000e+00 -9.912876e-01
-2.754154e+01 1.093605e-12 2.771724e+01 1.000000e+00 -9.913071e-01
-2.747948e+01 1.163627e-12 2.776209e+01 1.000000e+00 -9.913266e-01
-2.741742e+01 1.238132e-12 2.780691e+01 1.000000e+00 -9.913459e-01
-2.735536e+01 1.317407e-12 2.785170e+01 1.000000e+00 -9.913652e-01
-2.729329e+01 1.401759e-12 2.789646e+01 1.000000e+00 -9.913844e-01
-2.723123e+01 1.491511e-12 2.794120e+01 1.000000e+00 -9.914035e-01
-2.716917e+01 1.587010e-12 2.798590e+01 1.000000e+00 -9.914226e-01
-2.710711e+01 1.688624e-12 2.803058e+01 1.000000e+00 -9.914416e-01
-2.704505e+01 1.796744e-12 2.807524e+01 1.000000e+00 -9.914605e-01
-2.698298e+01 1.911786e-12 2.811986e+01 1.000000e+00 -9.914793e-01
-2.692092e+01 2.034195e-12 2.816446e+01 1.000000e+00 -9.914981e-01
-2.685886e+01 2.164441e-12 2.820902e+01 1.000000e+00 -9.915168e-01
-2.679680e+01 2.303027e-12 2.825357e+01 1.000000e+00 -9.915354e-01
-2.673473e+01 2.450486e-12 2.829808e+01 1.000000e+00 -9.915540e-01
-2.667267e+01 2.607387e-12 2.834257e+01 1.000000e+00 -9.915725e-01
-2.661061e+01 2.774333e-12 2.838702e+01 1.000000e+00 -9.915909e-01
-2.654855e+01 2.951969e-12 2.843145e+01 1.000000e+00 -9.916092e-01
-2.648649e+01 3.140979e-12 2.847586e+01 1.000000e+00 -9.916275e-01
-2.642442e+01 3.342091e-12 2.852023e+01 1.000000e+00 -9.916457e-01
-2.636236e+01 3.556080e-12 2.856458e+01 1.000000e+00 -9.916639e-01
-2.630030e+01 3.783770e-12 2.860890e+01 1.000000e+00 -9.916819e-01
-2.623824e+01 4.026038e-12 2.865319e+01 1.000000e+00 -9.917000e-01
-2.617618e+01 4.283819e-12 2.869746e+01 1.000000e+00 -9.917179e-01
-2.611411e+01 4.558105e-12 2.874170e+01 1.000000e+00 -9.917358e-01
-2.605205e+01 4.849953e-12 2.878591e+01 1.000000e+00 -9.917536e-01
-2.598999e+01 5.160488e-12 2.883009e+01 1.000000e+00 -9.917713e-01
-2.592793e+01 5.490906e-12 2.887425e+01 1.000000e+00 -9.917890e-01
-2.586587e+01 5.842479e-12 2.891838e+01 1.000000e+00 -9.918066e-01
-2.580380e+01 6.216564e-12 2.896248e+01 1.000000e+00 -9.918242e-01
-2.574174e+01 6.614600e-12 2.900655e+01 1.000000e+00 -9.918417e-01
-2.567968e+01 7.038122e-12 2.905060e+01 1.000000e+00 -9.918591e-01
-2.561762e+01 7.488762e-12 2.909462e+01 1.000000e+00 -9.918765e-01
-2.555556e+01 7.968255e-12 2.913861e+01 1.000000e+00 -9.918938e-01
-2.549349e+01 8.478450e-12 2.918257e+01 1.000000e+00 -9.919110e-01
-2.543143e+01 9.021311e-12 2.922651e+01 1.000000e+00 -9.919282e-01
-2.536937e+01 9.598931e-12 2.927042e+01 1.000000e+00 -9.919453e-01
-2.530731e+01 1.021354e-11 2.931430e+01 1.000000e+00 -9.919623e-01
-2.524525e+01 1.086749e-11 2.935816e+01 1.000000e+00 -9.919793e-01
-2.518318e+01 1.156332e-11 2.940199e+01 1.000000e+00 -9.919962e-01
-2.512112e+01 1.230370e-11 2.944579e+01 1.000000e+00 -9.920131e-01
-2.505906e+01 1.309149e-11 2.948956e+01 1.000000e+00 -9.920299e-01
-2.499700e+01 1.392971e-11 2.953331e+01 1.000000e+00 -9.920466e-01
-2.493493e+01 1.482161e-11 2.957703e+01 1.000000e+00 -9.920633e-01
-2.487287e+01 1.577061e-11 2.962072e+01 1.000000e+00 -9.920799e-01
-2.481081e+01 1.678038e-11 2.966438e+01 1.000000e+00 -9.920965e-01
-2.474875e+01 1.785480e-11 2.970802e+01 1.000000e+00 -9.921130e-01
-2.468669e+01 1.899801e-11 2.975163e+01 1.000000e+00 -9.921295e-01
-2.462462e+01 2.021443e-11 2.979522e+01 1.000000e+00 -9.921459e-01
-2.456256e+01 2.150872e-11 2.983877e+01 1.000000e+00 -9.921622e-01
-2.450050e+01 2.288589e-11 2.988230e+01 1.000000e+00 -9.921785e-01
-2.443844e+01 2.435124e-11 2.992581e+01 1.000000e+00 -9.921947e-01
-2.437638e+01 2.591041e-11 2.996928e+01 1.000000e+00 -9.922108e-01
-2.431431e+01 2.756941e-11 3.001273e+01 1.000000e+00 -9.922269e-01
-2.425225e+01 2.933463e-11 3.005615e+01 1.000000e+00 -9.922430e-01
-2.419019e+01 3.121288e-11 3.009955e+01 1.000000e+00 -9.922590e-01
-2.412813e+01 3.321139e-11 3.014292e+01 1.000000e+00 -9.922749e-01
-2.406607e+01 3.533786e-11 3.018626e+01 1.000000e+00 -9.922908e-01
-2.400400e+01 3.760049e-11 3.022957e+01 1.000000e+00 -9.923066e-01
-2.394194e+01 4.000799e-11 3.027286e+01 1.000000e+00 -9.923224e-01
-2.387988e+01 4.256964e-11 3.031612e+01 1.000000e+00 -9.923381e-01
-2.381782e+01 4.529530e-11 3.035936e+01 1.000000e+00 -9.923537e-01
-2.375576e+01 4.819549e-11 3.040256e+01 1.000000e+00 -9.923693e-01
-2.369369e+01 5.128136e-11 3.044574e+01 1.000000e+00 -9.923849e-01
-2.363163e+01 5.456483e-11 3.048890e+01 1.000000e+00 -9.924004e-01
-2.356957e+01 5.805852e-11 3.053202e+01 1.000000e+00 -9.924158e-01
-2.350751e+01 6.177592e-11 3.057512e+01 1.000000e+00 -9.924312e-01
-2.344545e+01 6.573133e-11 3.061820e+01 1.000000e+00 -9.924466e-01
-2.338338e+01 6.994000e-11 3.066124e+01 1.000000e+00 -9.924618e-01
-2.332132e+01 7.441814e-11 3.070426e+01 1.000000e+00 -9.924771e-01
-2.325926e+01 7.918302e-11 3.074726e+01 1.000000e+00 -9.924923e-01
-2.319720e+01 8.425298e-11 3.079022e+01 1.000000e+00 -9.925074e-01
-2.313514e+01 8.964756e-11 3.083316e+01 1.000000e+00 -9.925225e-01
-2.307307e+01 9.538755e-11 3.087607e+01 1.000000e+00 -9.925375e-01
-2.301101e+01 1.014951e-10 3.091896e+01 1.000000e+00 -9.925525e-01
-2.294895e+01 1.079936e-10 3.096182e+01 1.000000e+00 -9.925674e-01
-2.288689e+01 1.149083e-10 3.100465e+01 1.000000e+00 -9.925823e-01
-2.282482e+01 1.222657e-10 3.104746e+01 1.000000e+00 -9.925971e-01
-2.276276e+01 1.300941e-10 3.109024e+01 1.000000e+00 -9.926119e-01
-2.270070e+01 1.384239e-10 3.113299e+01 1.000000e+00 -9.926266e-01
-2.263864e+01 1.472869e-10 3.117572e+01 1.000000e+00 -9.926413e-01
-2.257658e+01 1.567175e-10 3.121842e+01 1.000000e+00 -9.926559e-01
-2.251451e+01 1.667518e-10 3.126110e+01 1.000000e+00 -9.926705e-01
-2.245245e+01 1.774287e-10 3.130374e+01 1.000000e+00 -9.926850e-01
-2.239039e+01 1.887891e-10 3.134636e+01 1.000000e+00 -9.926995e-01
-2.232833e+01 2.008770e-10 3.138896e+01 1.000000e+00 -9.927139e-01
-2.226627e+01 2.137388e-10 3.143153e+01 1.000000e+00 -9.927283e-01
-2.220420e+01 2.274242e-10 3.147407e+01 1.000000e+00 -9.927426e-01
-2.214214e+01 2.419858e-10 3.151658e+01 1.000000e+00 -9.927569e-01
-2.208008e+01 2.574797e-10 3.155907e+01 1.000000e+00 -9.927711e-01
-2.201802e+01 2.739657e-10 3.160154e+01 1.000000e+00 -9.927853e-01
-2.195596e+01 2.915073e-10 3.164397e+01 1.000000e+00 -9.927995e-01
-2.189389e+01 3.101721e-10 3.168638e+01 1.000000e+00 -9.928136e-01
-2.183183e+01 3.300319e-10 3.172877e+01 1.000000e+00 -9.928276e-01
-2.176977e+01 3.511633e-10 3.177112e+01 1.000000e+00 -9.928416e-01
-2.170771e+01 3.736477e-10 3.181345e+01 1.000000e+00 -9.928556e-01
-2.164565e+01 3.975718e-10 3.185576e+01 1.000000e+00 -9.928695e-01
-2.158358e+01 4.230276e-10 3.189804e+01 1.000000e+00 -9.928834e-01
-2.152152e+01 4.501134e-10 3.194029e+01 1.000000e+00 -9.928972e-01
-2.145946e+01 4.789335e-10 3.198252e+01 1.000000e+00 -9.929110e-01
-2.139740e+01 5.095988e-10 3.202472e+01 1.000000e+00 -9.929247e-01
-2.133534e+01 5.422276e-10 3.206689e+01 1.000000e+00 -9.929384e-01
-2.127327e+01 5.769455e-10 3.210904e+01 1.000000e+00 -9.929520e-01
-2.121121e+01 6.138864e-10 3.215116e+01 1.000000e+00 -9.929656e-01
-2.114915e+01 6.531926e-10 3.219325e+01 1.000000e+00 -9.929792e-01
-2.108709e+01 6.950154e-10 3.223532e+01 1.000000e+00 -9.929927e-01
-2.102503e+01 7.395161e-10 3.227737e+01 1.000000e+00 -9.930062e-01
-2.096296e+01 7.868661e-10 3.231938e+01 1.000000e+00 -9.930196e-01
-2.090090e+01 8.372479e-10 3.236138e+01 1.000000e+00 -9.930330e-01
-2.083884e+01 8.908555e-10 3.240334e+01 1.000000e+00 -9.930463e-01
-2.077678e+01 9.478956e-10 3.244528e+01 1.000000e+00 -9.930596e-01
-2.071471e+01 1.008588e-09 3.248719e+01 1.000000e+00 -9.930729e-01
-2.065265e+01 1.073166e-09 3.252908e+01 1.000000e+00 -9.930861e-01
-2.059059e+01 1.141879e-09 3.257094e+01 1.000000e+00 -9.930993e-01
-2.052853e+01 1.214992e-09 3.261277e+01 1.000000e+00 -9.931124e-01
-2.046647e+01 1.292786e-09 3.265458e+01 1.000000e+00 -9.931255e-01
-2.040440e+01 1.375561e-09 3.269637e+01 1.000000e+00 -9.931385e-01
-2.034234e+01 1.463636e-09 3.273812e+01 1.000000e+00 -9.931515e-01
-2.028028e+01 1.557350e-09 3.277985e+01 1.000000e+00 -9.931645e-01
-2.021822e+01 1.657064e-09 3.282156e+01 1.000000e+00 -9.931774e-01
-2.015616e+01 1.763164e-09 3.286324e+01 1.000000e+00 -9.931903e-01
-2.009409e+01 1.876056e-09 3.290489e+01 1.000000e+00 -9.932031e-01
-2.003203e+01 1.996177e-09 3.294652e+01 1.000000e+00 -9.932159e-01
-1.996997e+01 2.123989e-09 3.298812e+01 1.000000e+00 -9.932287e-01
-1.990791e+01 2.259984e-09 3.302970e+01 1.000000e+00 -9.932414e-01
-1.984585e+01 2.404688e-09 3.307125e+01 1.000000e+00 -9.932541e-01
-1.978378e+01 2.558656e-09 3.311277e+01 1.000000e+00 -9.932667e-01
-1.972172e+01 2.722482e-09 3.315427e+01 1.000000e+00 -9.932793e-01
-1.965966e+01 2.896799e-09 3.319574e+01 1.000000e+00 -9.932919e-01
-1.959760e+01 3.082276e-09 3.323719e+01 1.000000e+00 -9.933044e-01
-1.953554e+01 3.279629e-09 3.327861e+01 1.000000e+00 -9.933169e-01
-1.947347e+01 3.489618e-09 3.332001e+01 1.000000e+00 -9.933293e-01
-1.941141e+01 3.713053e-09 3.336138e+01 1.000000e+00 -9.933417e-01
-1.934935e+01 3.950794e-09 3.340272e+01 1.000000e+00 -9.933541e-01
-1.928729e+01 4.203757e-09 3.344404e+01 1.000000e+00 -9.933664e-01
-1.922523e+01 4.472916e-09 3.348534e+01 1.000000e+00 -9.933787e-01
-1.916316e+01 4.759310e-09 3.352660e+01 1.000000e+00 -9.933910e-01
-1.910110e+01 5.064041e-09 3.356785e+01 1.000000e+00 -9.934032e-01
-1.903904e+01 5.388283e-09 3.360906e+01 1.000000e+00 -9.934154e-01
-1.897698e+01 5.733286e-09 3.365025e+01 1.000000e+00 -9.934275e-01
-1.891491e+01 6.100379e-09 3.369142e+01 1.000000e+00 -9.934396e-01
-1.885285e+01 6.490977e-09 3.373256e+01 1.000000e+00 -9.934517e-01
-1.879079e+01 6.906583e-09 3.377367e+01 1.000000e+00 -9.934637e-01
-1.872873e+01 7.348801e-09 3.381476e+01 1.000000e+00 -9.934757e-01
-1.866667e+01 7.819332e-09 3.385582e+01 1.000000e+00 -9.934877e-01
-1.860460e+01 8.319991e-09 3.389686e+01 1.000000e+00 -9.934996e-01
-1.854254e+01 8.852707e-09 3.393787e+01 1.000000e+00 -9.935115e-01
-1.848048e+01 9.419532e-09 3.397886e+01 1.000000e+00 -9.935233e-01
-1.841842e+01 1.002265e-08 3.401982e+01 1.000000e+00 -9.935351e-01
-1.835636e+01 1.066438e-08 3.406076e+01 1.000000e+00 -9.935469e-01
-1.829429e+01 1.134721e-08 3.410167e+01 1.000000e+00 -9.935586e-01
-1.823223e+01 1.207375e-08 3.414255e+01 1.000000e+00 -9.935703e-01
-1.817017e+01 1.284681e-08 3.418341e+01 1.000000e+00 -9.935820e-01
-1.810811e+01 1.366937e-08 3.422425e+01 1.000000e+00 -9.935936e-01
-1.804605e+01 1.454460e-08 3.426506e+01 1.000000e+00 -9.936052e-01
-1.798398e+01 1.547587e-08 3.430584e+01 1.000000e+00 -9.936168e-01
-1.792192e+01 1.646676e-08 3.434660e+01 1.000000e+00 -9.936283e-01
-1.785986e+01 1.752110e-08 3.438733e+01 1.000000e+00 -9.936398e-01
-1.779780e+01 1.864295e-08 3.442804e+01 1.000000e+00 -9.936513e-01
-1.773574e+01 1.983663e-08 3.446872e+01 1.000000e+00 -9.936627e-01
-1.767367e+01 2.110673e-08 3.450938e+01 1.000000e+00 -9.936741e-01
-1.761161e+01 2.245816e-08 3.455001e+01 1.000000e+00 -9.936855e-01
-1.754955e+01 2.389612e-08 3.459062e+01 1.000000e+00 -9.936968e-01
-1.748749e+01 2.542615e-08 3.463120e+01 1.000000e+00 -9.937081e-01
-1.742543e+01 2.705415e-08 3.467176e+01 1.000000e+00 -9.937194e-01
-1.736336e+01 2.878638e-08 3.471229e+01 1.000000e+00 -9.937306e-01
-1.730130e+01 3.062953e-08 3.475280e+01 1.000000e+00 -9.937418e-01
-1.723924e+01 3.259069e-08 3.479328e+01 1.000000e+00 -9.937529e-01
-1.717718e+01 3.467742e-08 3.483373e+01 1.000000e+00 -9.937641e-01
-1.711512e+01 3.689776e-08 3.487416e+01 1.000000e+00 -9.937752e-01
-1.705305e+01 3.926026e-08 3.491457e+01 1.000000e+00 -9.937862e-01
-1.699099e+01 4.177403e-08 3.495495e+01 1.000000e+00 -9.937972e-01
-1.692893e+01 4.444875e-08 3.499531e+01 1.000000e+00 -9.938082e-01
-1.686687e+01 4.729473e-08 3.503564e+01 1.000000e+00 -9.938192e-01
-1.680480e+01 5.032294e-08 3.507594e+01 1.000000e+00 -9.938301e-01
-1.674274e+01 5.354504e-08 3.511622e+01 1.000000e+00 -9.938410e-01
-1.668068e+01 5.697344e-08 3.515648e+01 1.000000e+00 -9.938519e-01
-1.661862e+01 6.062135e-08 3.519671e+01 1.000000e+00 -9.938628e-01
-1.655656e+01 6.450284e-08 3.523692e+01 1.000000e+00 -9.938736e-01
-1.649449e+01 6.863285e-08 3.527710e+01 1.000000e+00 -9.938843e-01
-1.643243e+01 7.302730e-08 3.531725e+01 1.000000e+00 -9.938951e-01
-1.637037e+01 7.770312e-08 3.535738e+01 1.000000e+00 -9.939058e-01
-1.630831e+01 8.267833e-08 3.539749e+01 1.000000e+00 -9.939165e-01
-1.624625e+01 8.797209e-08 3.543757e+01 1.000000e+00 -9.939271e-01
-1.618418e+01 9.360480e-08 3.547763e+01 1.000000e+00 -9.939377e-01
-1.612212e+01 9.959816e-08 3.551766e+01 1.000000e+00 -9.939483e-01
-1.606006e+01 1.059753e-07 3.555767e+01 1.000000e+00 -9.939589e-01
-1.599800e+01 1.127607e-07 3.559765e+01 1.000000e+00 -9.939694e-01
-1.593594e+01 1.199806e-07 3.563760e+01 1.000000e+00 -9.939799e-01
-1.587387e+01 1.276627e-07 3.567754e+01 1.000000e+00 -9.939904e-01
-1.581181e+01 1.358368e-07 3.571744e+01 1.000000e+00 -9.940008e-01
-1.574975e+01 1.445342e-07 3.575733e+01 1.000000e+00 -9.940112e-01
-1.568769e+01 1.537885e-07 3.579718e+01 1.000000e+00 -9.940216e-01
-1.562563e+01 1.636353e-07 3.583702e+01 1.000000e+00 -9.940320e-01
-1.556356e+01 1.741126e-07 3.587683e+01 1.000000e+00 -9.940423e-01
-1.550150e+01 1.852608e-07 3.591661e+01 1.000000e+00 -9.940526e-01
-1.543944e+01 1.971227e-07 3.595637e+01 1.000000e+00 -9.940628e-01
-1.537738e+01 2.097442e-07 3.599610e+01 1.000000e+00 -9.940731e-01
-1.531532e+01 2.231737e-07 3.603581e+01 1.000000e+00 -9.940833e-01
-1.525325e+01 2.374632e-07 3.607550e+01 1.000000e+00 -9.940935e-01
-1.519119e+01 2.526676e-07 3.611516e+01 1.000000e+00 -9.941036e-01
-1.512913e+01 2.688455e-07 3.615480e+01 1.000000e+00 -9.941137e-01
-1.506707e+01 2.860592e-07 3.619441e+01 1.000000e+00 -9.941238e-01
-1.500501e+01 3.043751e-07 3.623399e+01 1.000000e+00 -9.941339e-01
-1.494294e+01 3.238637e-07 3.627356e+01 1.000000e+00 -9.941439e-01
-1.488088e+01 3.446002e-07 3.631309e+01 1.000000e+00 -9.941539e-01
-1.481882e+01 3.666644e-07 3.635261e+01 1.000000e+00 -9.941639e-01
-1.475676e+01 3.901413e-07 3.639210e+01 1.000000e+00 -9.941738e-01
-1.469469e+01 4.151215e-07 3.643156e+01 1.000000e+00 -9.941838e-01
-1.463263e+01 4.417010e-07 3.647100e+01 1.000000e+00 -9.941937e-01
-1.457057e+01 4.699824e-07 3.651041e+01 1.000000e+00 -9.942035e-01
-1.450851e+01 5.000746e-07 3.654980e+01 1.000000e+00 -9.942134e-01
-1.444645e+01 5.320936e-07 3.658917e+01 1.000000e+00 -9.942232e-01
-1.438438e+01 5.661627e-07 3.662851e+01 1.000000e+00 -9.942330e-01
-1.432232e+01 6.024132e-07 3.666783e+01 1.000000e+00 -9.942427e-01
-1.426026e+01 6.409847e-07 3.670712e+01 1.000000e+00 -9.942524e-01
-1.419820e+01 6.820259e-07 3.674639e+01 1.000000e+00 -9.942621e-01
-1.413614e+01 7.256949e-07 3.678564e+01 1.000000e+00 -9.942718e-01
-1.407407e+01 7.721600e-07 3.682486e+01 1.000000e+00 -9.942815e-01
-1.401201e+01 8.216001e-07 3.686405e+01 1.000000e+00 -9.942911e-01
-1.394995e+01 8.742059e-07 3.690322e+01 1.000000e+00 -9.943007e-01
-1.388789e+01 9.301798e-07 3.694237e+01 1.000000e+00 -9.943103e-01
-1.382583e+01 9.897378e-07 3.698149e+01 1.000000e+00 -9.943198e-01
-1.376376e+01 1.053109e-06 3.702059e+01 1.000000e+00 -9.943293e-01
-1.370170e+01 1.120538e-06 3.705967e+01 1.000000e+00 -9.943388e-01
-1.363964e+01 1.192284e-06 3.709872e+01 1.000000e+00 -9.943483e-01
-1.357758e+01 1.268624e-06 3.713774e+01 1.000000e+00 -9.943577e-01
-1.351552e+01 1.349852e-06 3.717674e+01 1.000000e+00 -9.943672e-01
-1.345345e+01 1.436281e-06 3.721572e+01 1.000000e+00 -9.943765e-01
-1.339139e+01 1.528244e-06 3.725467e+01 1.000000e+00 -9.943859e-01
-1.332933e+01 1.626095e-06 3.729360e+01 1.000000e+00 -9.943952e-01
-1.326727e+01 1.730211e-06 3.733251e+01 1.000000e+00 -9.944046e-01
-1.320521e+01 1.840993e-06 3.737139e+01 1.000000e+00 -9.944139e-01
-1.314314e+01 1.958869e-06 3.741024e+01 1.000000e+00 -9.944231e-01
-1.308108e+01 2.084293e-06 3.744908e+01 1.000000e+00 -9.944324e-01
-1.301902e+01 2.217746e-06 3.748789e+01 1.000000e+00 -9.944416e-01
-1.295696e+01 2.359745e-06 3.752667e+01 1.000000e+00 -9.944508e-01
-1.289489e+01 2.510836e-06 3.756543e+01 1.000000e+00 -9.944599e-01
-1.283283e+01 2.671600e-06 3.760417e+01 1.000000e+00 -9.944691e-01
-1.277077e+01 2.842659e-06 3.764288e+01 1.000000e+00 -9.944782e-01
-1.270871e+01 3.024670e-06 3.768157e+01 1.000000e+00 -9.944873e-01
-1.264665e+01 3.218334e-06 3.772023e+01 1.000000e+00 -9.944963e-01
-1.258458e+01 3.424399e-06 3.775887e+01 1.000000e+00 -9.945054e-01
-1.252252e+01 3.643658e-06 3.779749e+01 1.000000e+00 -9.945144e-01
-1.246046e+01 3.876955e-06 3.783608e+01 1.000000e+00 -9.945234e-01
-1.239840e+01 4.125190e-06 3.787465e+01 1.000000e+00 -9.945324e-01
-1.233634e+01 4.389320e-06 3.791319e+01 1.000000e+00 -9.945413e-01
-1.227427e+01 4.670361e-06 3.795171e+01 1.000000e+00 -9.945502e-01
-1.221221e+01 4.969396e-06 3.799021e+01 1.000000e+00 -9.945591e-01
-1.215015e+01 5.287579e-06 3.802868e+01 1.000000e+00 -9.945680e-01
-1.208809e+01 5.626134e-06 3.806713e+01 1.000000e+00 -9.945769e-01
-1.202603e+01 5.986366e-06 3.810555e+01 1.000000e+00 -9.945857e-01
-1.196396e+01 6.369663e-06 3.814396e+01 1.000000e+00 -9.945945e-01
-1.190190e+01 6.777502e-06 3.818233e+01 1.000000e+00 -9.946033e-01
-1.183984e+01 7.211455e-06 3.822069e+01 1.000000e+00 -9.946121e-01
-1.177778e+01 7.673193e-06 3.825902e+01 1.000000e+00 -9.946208e-01
-1.171572e+01 8.164495e-06 3.829732e+01 9.999999e-01 -9.946295e-01
-1.165365e+01 8.687254e-06 3.833560e+01 9.999999e-01 -9.946382e-01
-1.159159e+01 9.243485e-06 3.837386e+01 9.999999e-01 -9.946469e-01
-1.152953e+01 9.835330e-06 3.841210e+01 9.999999e-01 -9.946555e-01
-1.146747e+01 1.046507e-05 3.845031e+01 9.999998e-01 -9.946641e-01
-1.140541e+01 1.113513e-05 3.848849e+01 9.999998e-01 -9.946727e-01
-1.134334e+01 1.184810e-05 3.852666e+01 9.999997e-01 -9.946813e-01
-1.128128e+01 1.260671e-05 3.856480e+01 9.999996e-01 -9.946899e-01
-1.121922e+01 1.341390e-05 3.860291e+01 9.999995e-01 -9.946984e-01
-1.115716e+01 1.427277e-05 3.864101e+01 9.999994e-01 -9.947069e-01
-1.109510e+01 1.518663e-05 3.867908e+01 9.999993e-01 -9.947154e-01
-1.103303e+01 1.615901e-05 3.871712e+01 9.999991e-01 -9.947239e-01
-1.097097e+01 1.719364e-05 3.875514e+01 9.999988e-01 -9.947323e-01
-1.090891e+01 1.829452e-05 3.879314e+01 9.999985e-01 -9.947407e-01
-1.084685e+01 1.946589e-05 3.883111e+01 9.999980e-01 -9.947492e-01
-1.078478e+01 2.071226e-05 3.886907e+01 9.999975e-01 -9.947575e-01
-1.072272e+01 2.203843e-05 3.890699e+01 9.999968e-01 -9.947659e-01
-1.066066e+01 2.344952e-05 3.894490e+01 9.999959e-01 -9.947742e-01
-1.059860e+01 2.495095e-05 3.898278e+01 9.999948e-01 -9.947825e-01
-1.053654e+01 2.654852e-05 3.902063e+01 9.999934e-01 -9.947908e-01
-1.047447e+01 2.824838e-05 3.905847e+01 9.999915e-01 -9.947991e-01
-1.041241e+01 3.005708e-05 3.909628e+01 9.999892e-01 -9.948074e-01
-1.035035e+01 3.198158e-05 3.913406e+01 9.999863e-01 -9.948156e-01
-1.028829e+01 3.402931e-05 3.917183e+01 9.999825e-01 -9.948238e-01
-1.022623e+01 3.620815e-05 3.920957e+01 9.999778e-01 -9.948320e-01
-1.016416e+01 3.852650e-05 3.924728e+01 9.999717e-01 -9.948402e-01
-1.010210e+01 4.099329e-05 3.928497e+01 9.999640e-01 -9.948483e-01
-1.004004e+01 4.361803e-05 3.932264e+01 9.999542e-01 -9.948565e-01
-9.977978e+00 4.641082e-05 3.936029e+01 9.999418e-01 -9.948646e-01
-9.915916e+00 4.938243e-05 3.939791e+01 9.999261e-01 -9.948726e-01
-9.853854e+00 5.254430e-05 3.943551e+01 9.999061e-01 -9.948807e-01
-9.791792e+00 5.590863e-05 3.947309e+01 9.998808e-01 -9.948888e-01
-9.729730e+00 5.948837e-05 3.951064e+01 9.998487e-01 -9.948968e-01
-9.667668e+00 6.329731e-05 3.954817e+01 9.998082e-01 -9.949048e-01
-9.605606e+00 6.735014e-05 3.958568e+01 9.997568e-01 -9.949128e-01
-9.543544e+00 7.166246e-05 3.962316e+01 9.996919e-01 -9.949207e-01
-9.481481e+00 7.625089e-05 3.966062e+01 9.996100e-01 -9.949287e-01
-9.419419e+00 8.113311e-05 3.969805e+01 9.995065e-01 -9.949366e-01
-9.357357e+00 8.632793e-05 3.973547e+01 9.993759e-01 -9.949445e-01
-9.295295e+00 9.185537e-05 3.977286e+01 9.992113e-01 -9.949524e-01
-9.233233e+00 9.773672e-05 3.981022e+01 9.990040e-01 -9.949603e-01
-9.171171e+00 1.039946e-04 3.984757e+01 9.987431e-01 -9.949681e-01
-9.109109e+00 1.106533e-04 3.988489e+01 9.984151e-01 -9.949759e-01
-9.047047e+00 1.177382e-04 3.992218e+01 9.980032e-01 -9.949838e-01
-8.984985e+00 1.252768e-04 3.995946e+01 9.974862e-01 -9.949915e-01
-8.922923e+00 1.332981e-04 3.999671e+01 9.968383e-01 -9.949993e-01
-8.860861e+00 1.418329e-04 4.003394e+01 9.960271e-01 -9.950071e-01
-8.798799e+00 1.509142e-04 4.007114e+01 9.950129e-01 -9.950148e-01
-8.736737e+00 1.605770e-04 4.010832e+01 9.937464e-01 -9.950225e-01
-8.674675e+00 1.708585e-04 4.014548e+01 9.921675e-01 -9.950302e-01
-8.612613e+00 1.817983e-04 4.018262e+01 9.902022e-01 -9.950379e-01
-8.550551e+00 1.934386e-04 4.021973e+01 9.877605e-01 -9.950455e-01
-8.488488e+00 2.058241e-04 4.025682e+01 9.847331e-01 -9.950532e-01
-8.426426e+00 2.190027e-04 4.029388e+01 9.809883e-01 -9.950608e-01
-8.364364e+00 2.330251e-04 4.033093e+01 9.763682e-01 -9.950684e-01
-8.302302e+00 2.479453e-04 4.036795e+01 9.706855e-01 -9.950760e-01
-8.240240e+00 2.638209e-04 4.040495e+01 9.637200e-01 -9.950835e-01
-8.178178e+00 2.807129e-04 4.044192e+01 9.552163e-01 -9.950911e-01
-8.116116e+00 2.986865e-04 4.047887e+01 9.448834e-01 -9.950986e-01
-8.054054e+00 3.178109e-04 4.051580e+01 9.323956e-01 -9.951061e-01
-7.991992e+00 3.381598e-04 4.055271e+01 9.173989e-01 -9.951136e-01
-7.929930e+00 3.598116e-04 4.058959e+01 8.995211e-01 -9.951210e-01
-7.867868e+00 3.828498e-04 4.062645e+01 8.783900e-01 -9.951285e-01
-7.805806e+00 4.073630e-04 4.066329e+01 8.536580e-01 -9.951359e-01
-7.743744e+00 4.334458e-04 4.070010e+01 8.250363e-01 -9.951433e-01
-7.681682e+00 4.611987e-04 4.073689e+01 7.923351e-01 -9.951507e-01
-7.619620e+00 4.907285e-04 4.077366e+01 7.555075e-01 -9.951581e-01
-7.557558e+00 5.221490e-04 4.081041e+01 7.146910e-01 -9.951655e-01
-7.495495e+00 5.555814e-04 4.084713e+01 6.702386e-01 -9.951728e-01
-7.433433e+00 5.911543e-04 4.088383e+01 6.227302e-01 -9.951802e-01
-7.371371e+00 6.290050e-04 4.092051e+01 5.729574e-01 -9.951875e-01
-7.309309e+00 6.692792e-04 4.095716e+01 5.218793e-01 -9.951947e-01
-7.247247e+00 7.121320e-04 4.099379e+01 4.705521e-01 -9.952020e-01
-7.185185e+00 7.577287e-04 4.103040e+01 4.200436e-01 -9.952093e-01
-7.123123e+00 8.062448e-04 4.106699e+01 3.713465e-01 -9.952165e-01
-7.061061e+00 8.578674e-04 4.110355e+01 3.253046e-01 -9.952237e-01
-6.998999e+00 9.127952e-04 4.114009e+01 2.825639e-01 -9.952309e-01
-6.936937e+00 9.712400e-04 4.117661e+01 2.435515e-01 -9.952381e-01
-6.874875e+00 1.033427e-03 4.121311e+01 2.084818e-01 -9.952453e-01
-6.812813e+00 1.099596e-03 4.124958e+01 1.773819e-01 -9.952524e-01
-6.750751e+00 1.170001e-03 4.128603e+01 1.501293e-01 -9.952596e-01
-6.688689e+00 1.244914e-03 4.132246e+01 1.264936e-01 -9.952667e-01
-6.626627e+00 1.324624e-03 4.135886e+01 1.061751e-01 -9.952738e-01
-6.564565e+00 1.409438e-03 4.139525e+01 8.883855e-02 -9.952809e-01
-6.502503e+00 1.499682e-03 4.143161e+01 7.413890e-02 -9.952879e-01
-6.440440e+00 1.595704e-03 4.146794e+01 6.173991e-02 -9.952950e-01
-6.378378e+00 1.697874e-03 4.150426e+01 5.132638e-02 -9.953020e-01
-6.316316e+00 1.806586e-03 4.154055e+01 4.261104e-02 -9.953090e-01
-6.254254e+00 1.922259e-03 4.157682e+01 3.533771e-02 -9.953160e-01
-6.192192e+00 2.045338e-03 4.161307e+01 2.928166e-02 -9.953230e-01
-6.130130e+00 2.176298e-03 4.164929e+01 2.424836e-02 -9.953300e-01
-6.068068e+00 2.315643e-03 4.168549e+01 2.007106e-02 -9.953369e-01
-6.006006e+00 2.463909e-03 4.172167e+01 1.660804e-02 -9.953439e-01
-5.943944e+00 2.621670e-03 4.175783e+01 1.373961e-02 -9.953508e-01
-5.881882e+00 2.789531e-03 4.179397e+01 1.136519e-02 -9.953577e-01
-5.819820e+00 2.968140e-03 4.183008e+01 9.400605e-03 -9.953646e-01
-5.757758e+00 3.158185e-03 4.186617e+01 7.775636e-03 -9.953715e-01
-5.695696e+00 3.360399e-03 4.190224e+01 6.431849e-03 -9.953783e-01
-5.633634e+00 3.575559e-03 4.193828e+01 5.320718e-03 -9.953851e-01
-5.571572e+00 3.804497e-03 4.197431e+01 4.402001e-03 -9.953920e-01
-5.509510e+00 4.048092e-03 4.201031e+01 3.642367e-03 -9.953988e-01
-5.447447e+00 4.307285e-03 4.204629e+01 3.014232e-03 -9.954056e-01
-5.385385e+00 4.583074e-03 4.208224e+01 2.494786e-03 -9.954123e-01
-5.323323e+00 4.876521e-03 4.211818e+01 2.065170e-03 -9.954191e-01
-5.261261e+00 5.188756e-03 4.215409e+01 1.709802e-03 -9.954258e-01
-5.199199e+00 5.520984e-03 4.218998e+01 1.415804e-03 -9.954326e-01
-5.137137e+00 5.874484e-03 4.222584e+01 1.172541e-03 -9.954393e-01
-5.075075e+00 6.250617e-03 4.226169e+01 9.712226e-04 -9.954460e-01
-5.013013e+00 6.650834e-03 4.229751e+01 8.045897e-04 -9.954526e-01
-4.950951e+00 7.076676e-03 4.233331e+01 6.666428e-04 -9.954593e-01
-4.888889e+00 7.529784e-03 4.236909e+01 5.524245e-04 -9.954660e-01
-4.826827e+00 8.011904e-03 4.240484e+01 4.578377e-04 -9.954726e-01
-4.764765e+00 8.524893e-03 4.244058e+01 3.794956e-04 -9.954792e-01
-4.702703e+00 9.070728e-03 4.247629e+01 3.145982e-04 -9.954858e-01
-4.640641e+00 9.651512e-03 4.251198e+01 2.608300e-04 -9.954924e-01
-4.578579e+00 1.026948e-02 4.254765e+01 2.162760e-04 -9.954990e-01
-4.516517e+00 1.092702e-02 4.258329e+01 1.793520e-04 -9.955055e-01
-4.454454e+00 1.162666e-02 4.261891e+01 1.487473e-04 -9.955121e-01
-4.392392e+00 1.237110e-02 4.265452e+01 1.233770e-04 -9.955186e-01
-4.330330e+00 1.316320e-02 4.269009e+01 1.023435e-04 -9.955251e-01
-4.268268e+00 1.400602e-02 4.272565e+01 8.490322e-05 -9.955316e-01
-4.206206e+00 1.490280e-02 4.276119e+01 7.044083e-05 -9.955381e-01
-4.144144e+00 1.585700e-02 4.279670e+01 5.844658e-05 -9.955446e-01
-4.082082e+00 1.687230e-02 4.283219e+01 4.849827e-05 -9.955510e-01
-4.020020e+00 1.795261e-02 4.286766e+01 4.024612e-05 -9.955575e-01
-3.957958e+00 1.910208e-02 4.290310e+01 3.340034e-05 -9.955639e-01
-3.895896e+00 2.032516e-02 4.293853e+01 2.772076e-05 -9.955703e-01
-3.833834e+00 2.162654e-02 4.297393e+01 2.300834e-05 -9.955767e-01
-3.771772e+00 2.301126e-02 4.300931e+01 1.909809e-05 -9.955831e-01
-3.709710e+00 2.448463e-02 4.304467e+01 1.585323e-05 -9.955894e-01
-3.647648e+00 2.605234e-02 4.308001e+01 1.316036e-05 -9.955958e-01
-3.585586e+00 2.772043e-02 4.311532e+01 1.092542e-05 -9.956021e-01
-3.523524e+00 2.949532e-02 4.315061e+01 9.070443e-06 -9.956085e-01
-3.461461e+00 3.138386e-02 4.318588e+01 7.530737e-06 -9.956148e-01
-3.399399e+00 3.339332e-02 4.322113e+01 6.252654e-06 -9.956211e-01
-3.337337e+00 3.553144e-02 4.325636e+01 5.191685e-06 -9.956273e-01
-3.275275e+00 3.780646e-02 4.329157e+01 4.310907e-06 -9.956336e-01
-3.213213e+00 4.022715e-02 4.332675e+01 3.579685e-06 -9.956399e-01
-3.151151e+00 4.280283e-02 4.336191e+01 2.972600e-06 -9.956461e-01
-3.089089e+00 4.554342e-02 4.339705e+01 2.468556e-06 -9.956523e-01
-3.027027e+00 4.845949e-02 4.343217e+01 2.050050e-06 -9.956585e-01
-2.964965e+00 5.156228e-02 4.346727e+01 1.702553e-06 -9.956647e-01
-2.902903e+00 5.486372e-02 4.350234e+01 1.414008e-06 -9.956709e-01
-2.840841e+00 5.837656e-02 4.353739e+01 1.174406e-06 -9.956771e-01
-2.778779e+00 6.211432e-02 4.357242e+01 9.754405e-07 -9.956832e-01
-2.716717e+00 6.609140e-02 4.360743e+01 8.102145e-07 -9.956894e-01
-2.654655e+00 7.032312e-02 4.364242e+01 6.730033e-07 -9.956955e-01
-2.592593e+00 7.482580e-02 4.367739e+01 5.590542e-07 -9.957016e-01
-2.530531e+00 7.961677e-02 4.371233e+01 4.644215e-07 -9.957077e-01
-2.468468e+00 8.471450e-02 4.374725e+01 3.858289e-07 -9.957138e-01
-2.406406e+00 9.013863e-02 4.378215e+01 3.205565e-07 -9.957199e-01
-2.344344e+00 9.591007e-02 4.381703e+01 2.663458e-07 -9.957259e-01
-2.282282e+00 1.020510e-01 4.385189e+01 2.213213e-07 -9.957320e-01
-2.220220e+00 1.085852e-01 4.388673e+01 1.839258e-07 -9.957380e-01
-2.158158e+00 1.155377e-01 4.392154e+01 1.528662e-07 -9.957440e-01
-2.096096e+00 1.229354e-01 4.395633e+01 1.270687e-07 -9.957500e-01
-2.034034e+00 1.308068e-01 4.399110e+01 1.056415e-07 -9.957560e-01
-1.971972e+00 1.391821e-01 4.402585e+01 8.784401e-08 -9.957620e-01
-1.909910e+00 1.480937e-01 4.406058e+01 7.306122e-08 -9.957680e-01
-1.847848e+00 1.575759e-01 4.409529e+01 6.078236e-08 -9.957739e-01
-1.785786e+00 1.676653e-01 4.412997e+01 5.058322e-08 -9.957799e-01
-1.723724e+00 1.784006e-01 4.416464e+01 4.211148e-08 -9.957858e-01
-1.661662e+00 1.898233e-01 4.419928e+01 3.507453e-08 -9.957917e-01
-1.599600e+00 2.019774e-01 4.423390e+01 2.922933e-08 -9.957976e-01
-1.537538e+00 2.149097e-01 4.426850e+01 2.437403e-08 -9.958035e-01
-1.475475e+00 2.286700e-01 4.430307e+01 2.034096e-08 -9.958094e-01
-1.413413e+00 2.433113e-01 4.433763e+01 1.699088e-08 -9.958153e-01
-1.351351e+00 2.588902e-01 4.437217e+01 1.420812e-08 -9.958211e-01
-1.289289e+00 2.754665e-01 4.440668e+01 1.189661e-08 -9.958270e-01
-1.227227e+00 2.931042e-01 4.444117e+01 9.976538e-09 -9.958328e-01
-1.165165e+00 3.118711e-01 4.447564e+01 8.381627e-09 -9.958386e-01
-1.103103e+00 3.318398e-01 4.451009e+01 7.056817e-09 -9.958444e-01
-1.041041e+00 3.530869e-01 4.454452e+01 5.956373e-09 -9.958502e-01
-9.789790e-01 3.756945e-01 4.457892e+01 5.042306e-09 -9.958560e-01
-9.169169e-01 3.997496e-01 4.461331e+01 4.283060e-09 -9.958617e-01
-8.548549e-01 4.253449e-01 4.464767e+01 3.652421e-09 -9.958675e-01
-7.927928e-01 4.525791e-01 4.468201e+01 3.128616e-09 -9.958732e-01
-7.307307e-01 4.815570e-01 4.471633e+01 2.693558e-09 -9.958789e-01
-6.686687e-01 5.123903e-01 4.475063e+01 2.332221e-09 -9.958846e-01
-6.066066e-01 5.451978e-01 4.478491e+01 2.032125e-09 -9.958904e-01
-5.445445e-01 5.801059e-01 4.481917e+01 1.782902e-09 -9.958960e-01
-4.824825e-01 6.172492e-01 4.485340e+01 1.575940e-09 -9.959017e-01
-4.204204e-01 6.567706e-01 4.488762e+01 1.404084e-09 -9.959074e-01
-3.583584e-01 6.988226e-01 4.492181e+01 1.261391e-09 -9.959130e-01
-2.962963e-01 7.435671e-01 4.495598e+01 1.142925e-09 -9.959187e-01
-2.342342e-01 7.911765e-01 4.499014e+01 1.044584e-09 -9.959243e-01
-1.721722e-01 8.418342e-01 4.502426e+01 9.629611e-10 -9.959299e-01
-1.101101e-01 8.957355e-01 4.505837e+01 8.952267e-10 -9.959355e-01
-4.804805e-02 9.530880e-01 4.509246e+01 8.390295e-10 -9.959411e-01
1.401401e-02 1.014113e+00 4.512653e+01 7.924165e-10 -9.959467e-01
7.607608e-02 1.079045e+00 4.516057e+01 7.537653e-10 -9.959523e-01
1.381381e-01 1.148134e+00 4.519460e+01 7.217281e-10 -9.959578e-01
2.002002e-01 1.221647e+00 4.522860e+01 6.951853e-10 -9.959634e-01
2.622623e-01 1.299867e+00 4.526258e+01 6.732068e-10 -9.959689e-01
3.243243e-01 1.383096e+00 4.529654e+01 6.550199e-10 -9.959744e-01
3.863864e-01 1.471653e+00 4.533048e+01 6.399828e-10 -9.959799e-01
4.484484e-01 1.565881e+00 4.536440e+01 6.275623e-10 -9.959854e-01
5.105105e-01 1.666142e+00 4.539830e+01 6.173154e-10 -9.959909e-01
5.725726e-01 1.772822e+00 4.543217e+01 6.088741e-10 -9.959964e-01
6.346346e-01 1.886333e+00 4.546603e+01 6.019328e-10 -9.960019e-01
6.966967e-01 2.007112e+00 4.549986e+01 5.962374e-10 -9.960073e-01
7.587588e-01 2.135624e+00 4.553368e+01 5.915772e-10 -9.960127e-01
8.208208e-01 2.272364e+00 4.556747e+01 5.877768e-10 -9.960182e-01
8.828829e-01 2.417860e+00 4.560124e+01 5.846905e-10 -9.960236e-01
9.449449e-01 2.572672e+00 4.563499e+01 5.821976e-10 -9.960290e-01
1.007007e+00 2.737396e+00 4.566872e+01 5.801975e-10 -9.960344e-01
1.069069e+00 2.912667e+00 4.570243e+01 5.786068e-10 -9.960398e-01
1.131131e+00 3.099160e+00 4.573612e+01 5.773560e-10 -9.960451e-01
1.193193e+00 3.297594e+00 4.576978e+01 5.763877e-10 -9.960505e-01
1.255255e+00 3.508734e+00 4.580343e+01 5.756539e-10 -9.960559e-01
1.317317e+00 3.733392e+00 4.583705e+01 5.751150e-10 -9.960612e-01
1.379379e+00 3.972435e+00 4.587066e+01 5.747379e-10 -9.960665e-01
1.441441e+00 4.226784e+00 4.590424e+01 5.744951e-10 -9.960718e-01
1.503504e+00 4.497418e+00 4.593780e+01 5.743639e-10 -9.960771e-01
1.565566e+00 4.785381e+00 4.597135e+01 5.743254e-10 -9.960824e-01
1.627628e+00 5.091781e+00 4.600487e+01 5.743638e-10 -9.960877e-01
1.689690e+00 5.417799e+00 4.603837e+01 5.744660e-10 -9.960930e-01
1.751752e+00 5.764692e+00 4.607185e+01 5.746213e-10 -9.960983e-01
1.813814e+00 6.133796e+00 4.610531e+01 5.748205e-10 -9.961035e-01
1.875876e+00 6.526533e+00 4.613874e+01 5.750562e-10 -9.961087e-01
1.937938e+00 6.944416e+00 4.617216e+01 5.753222e-10 -9.961140e-01
2.000000e+00 7.389056e+00 4.620556e+01 5.756133e-10 -1.000000e+00
